5 -> 4
6, 7 -> 4
8 -> 4
9 -> 4
11, 12 -> 3
10, 11 -> 2
13, 14 -> 10
15, 16 -> 12
2, 3, 4 -> 1
2, 71, 4 -> 1
18, 20, 19 -> 17
18, 64, 19 -> 17
18, 71, 19 -> 17
21, 22 -> 18
26, 25 -> 21
27, 28 -> 26
23, 24 -> 19
32, 33, 31 -> 29
32, 33, 30 -> 29
37, 20 -> 31
22, 34 -> 32
35, 37 -> 33
27, 28, 36 -> 35
39, 12, 43 -> 38
39, 12, 4 -> 38
41, 42 -> 39
15, 40 -> 12
44 -> 43
45 -> 43
47 -> 45
46, 47 -> 44
26, 55 -> 54
56 -> 54
50, 51 -> 49
53, 42 -> 52
49, 52, 54, 4 -> 48
49, 52, 71, 4 -> 48
49, 52, 54, 43 -> 48
49, 52, 71, 43 -> 48
4, 58, 60 -> 57
59 -> 58
62 -> 61
61 -> 60
66 -> 65
67 -> 65
68 -> 65
72 -> 71
70, 71 -> 69
69, 64, 6 -> 63
69, 65, 6 -> 63
69, 64, 7 -> 63
69, 65, 7 -> 63
73 -> 77
74 -> 77
75 -> 77
76 -> 77
77, 113 -> 78
78, 41 -> 113
78, 53 -> 114
80 -> 79
81 -> 79
82 -> 79
83 -> 79
79, 41 -> 85
79, 62 -> 84
86, 9 -> 90
87, 9 -> 90
88, 9 -> 90
89, 9 -> 90
91, 9 -> 93
92, 8 -> 93
90 -> 94
93 -> 94
94, 41 -> 115
94, 53 -> 116
8, 95 -> 99
96, 95 -> 99
99, 41 -> 117
99, 53 -> 118
96, 101 -> 97
97 -> 100
100, 41 -> 119
100, 53 -> 120
102 -> 106
103 -> 106
104 -> 106
105 -> 106
106, 41 -> 107
106, 53 -> 114
20, 26 -> 110
110, 53 -> 108
110, 41 -> 109
40, 110 -> 111
49, 52, 54, 4, 2 -> 48
49, 52, 54, 4, 122 -> 48
49, 52, 71, 4, 2 -> 48
49, 52, 71, 4, 122 -> 48
49, 52, 54, 43, 2 -> 48
49, 52, 54, 43, 122 -> 48
49, 52, 71, 43, 2 -> 48
49, 52, 71, 43, 122 -> 48